A:
0000
0000
0000
0000

B:
1111
1111
1111
1111

C:
0000
0000
0000
0000

D:
1111
1111
1111
1111

E:
1111
1111
1111
1111

F:
1111
1111
1111
1111

G:
0000
0000
0000
0000

H:
1111
1111
1111
1111

I:
1111
1111
1111
1111

J:
1111
1111
1111
1111

K:
1111
1111
1111
1111

L:
1111
1111
1111
1111

M:
1111
1111
1111
1111

N:
1111
1111
1111
1111

O:
0000
0000
0000
0000

P:
1111
1111
1111
1111

Q:
0000
0000
0000
0000

R:
1111
1111
1111
1111

S:
1111
1111
1111
1111

T:
1111
1111
1111
1111

U:
1111
1111
1111
1111

V:
1111
1111
1111
1111

W:
1111
1111
1111
1111

X:
1111
1111
1111
1111

Y:
1111
1111
1111
1111

Z:
1111
1111
1111
1111

